                                                                                                    
                                                                                                    
                                                                                                    
                                                                                                    
                                                                                                    
                                                                                                    
                                                                                                    
                                                                                                    
                                                                                                    
                                                                                                    
                                                                                                    
                                                                                                    
                                                                                                    
                                                                                                    
                                                                                                    
                                                                                                    
                                                                                                    
                                                                                                    
                                                                                                    
                                                                                                    
                                                                                                    
       12321                   12321                   12321                   12321                
       1BBB1                   1BBB1                   1BBB1                   1BBB1                
       13931                   13931                   13931                   13931                
        191                     191                     191                    1392  1221           
        111                     111                     111                    1BB4212BB31          
        191                     191                     191                    25BB9929BB2          
        191                     191                     191                    1BB421129B2          
        111                     111                     111                    1392   1221          
        191                     191                     191                     191   191           
        191                     191                     191                    12321  191           
        111                     111                     111                    1B9B1 12321          
        191                     191                     191                    23532 1B9B1          
        191                     191                     191                    1B9B1 12321          
        111                     111                     111                    23532  191           
